5034172
5034175
5034195
WF00507
WF00513
5034192
5034194
5034234
5034211
5034158
5034176
5034210
5034160
5034161
5034162
5034196
5034174
5034208
5034224
5034229
5034230
5034231
5034232
5034233
5034236
5034265
5034266
5034267
5034269
5034270
5034271
5034276
WF00505
WF00511
5034158
5034176
5034210
5034160
5034161
5034162
5034196
5034174
5034208
5034224
5034229
5034230
5034231
5034232
5034233
5034236
5034265
5034266
5034267
5034269
5034270
5034271
5034276
WF00505
WF00511
5034194
5034276
5034192
5034194
5034234
5034276
5034265
5034265
5034269
5034270
5034271
5034269
5034270
5034271
5034160
5034161
5034155
5034156
5034155
5034156
5034192
5034194
5034234
5034276
5034155
5034172
5034175
5034229
5034211
5034266
5034267
5034155
5034172
5034175
5034229
5034211
5034266
5034267
5034223
5034268
5034272
5034273
5034274
5034275
5034286
5034294
5034295
5034296
WF00512
WF00515
5034287
5034288
5034289
5034290
5034291
5034292
5034293
WF00508
WF00516
WF00521
5034223
5034268
5034272
5034273
5034274
5034275
5034286
5034294
5034295
5034296
WF00512
WF00515
5034287
5034288
5034289
5034290
5034291
5034292
5034293
WF00508
WF00516
WF00521
5034301
5034302
5034303
5034305
5034320
5034335
5034304
5034306
5034307
5034308
5034309
5034353
5034310
5034311
5034312
5034313
5034314
5034315
5034316
5034317
5034318
5034319
5034328
5034321
5034331
5034338
5034339
5034341
5034342
5034343
5034344
5034345
5034346
5034347
5034349
5034361
5034322
5034323
5034354
5034325
5034327
5034352
5034329
5034330
5034332
5034333
5034357
5034334
5034358
5034336
5034337
5034340
5034350
5034359
5034351
WF00525
5034360
WF00522
WF00523
WF00527
OV00236
OV00235
5034260
5034279
5034256
